20,309
20,308
20,307
20,306
20,305
20,304
20,303
20,302
20,301
20,300
20,299
20,298
20,297
20,296
20,295
20,294
20,293
20,292
20,291
20,290
20,289
20,288
20,287
20,286
20,320
20,285
20,284
20,283
20,282
20,281
20,280
20,279
20,278
20,277
20,276
20,275
20,274
20,273
20,272
20,271
20,270
20,269
20,268
20,267
20,266
20,265
20,264
20,263
20,262
20,261
20,260
20,259
20,258
20,257
20,256
20,255
20,254
20,253
20,252
20,251
20,250
20,249
20,248
20,247
20,246
20,245
20,244
20,243
20,242
20,241
20,240
20,239
20,238
20,237
20,236
20,235
20,234
20,233
20,232
20,231
20,230
20,229
20,319
20,228
20,227
20,226
20,225
20,224
20,223
20,222
20,221
20,220
20,219
20,218
20,217
20,216
20,215
20,214
20,213
20,212
20,211
20,210
20,209
20,208
20,207
20,206
20,205
20,204
20,203
20,202
20,201
20,200
20,199
20,198
20,197
20,196
20,195
20,194
20,193
20,192
20,191
20,190
20,189
20,188
20,187
20,186
20,185
20,184
20,183
20,182
20,181
20,180
20,179
20,178
20,177
20,176
20,175
20,174
20,173
20,172
20,171
20,170
20,169
20,168
20,167
20,166
20,165
20,164
20,163
20,162
20,161
20,160
20,159
20,158
20,157
20,156
20,155
20,154
20,153
20,152
20,151
20,150
20,149
20,148
20,147
20,146
20,145
20,144
20,143
20,142
20,141
20,140
20,139
20,138
20,137
20,136
20,135
20,134
20,133
20,132
20,131
20,130
20,129
20,128
20,127
20,126
20,125
20,124
20,123
20,122
20,121
20,120
20,119
20,118
20,117
20,116
20,115
20,114
20,113
20,112
20,111
20,110
20,109
20,108
20,107
20,106
20,105
20,104
20,103
20,102
20,101
20,100
20,99
20,98
20,97
20,96
20,95
20,94
20,93
20,92
20,91
20,90
20,89
20,88
20,87
20,86
20,85
20,84
20,83
20,82
20,81
20,80
20,79
20,78
20,77
20,76
20,75
20,74
20,73
20,72
20,71
20,70
20,69
20,68
20,67
20,66
20,65
20,64
20,35
20,34
20,33
20,32
20,31
20,30
20,29
20,28
20,27
20,26
20,25
20,24
20,23
20,22
20,21
20,20
20,19
20,18
20,17
20,16
20,15
20,14
20,13
20,12
20,11
20,10
20,9
20,8
20,7
20,6
20,5
20,4
68,3
68,2
68,1
68,0
67,4
67,3
67,2
67,1
67,0
66,3
66,2
66,1
66,0
5,15
65,3
65,2
65,1
65,0
64,4
64,3
64,2
64,1
64,0
5,14
63,7
63,6
63,5
63,4
63,3
63,2
63,1
63,0
62,3
62,2
62,1
62,0
61,6
61,5
61,4
61,3
61,2
61,1
61,0
60,7
60,6
60,5
60,4
60,3
60,2
60,1
60,0
59,6
59,5
59,4
59,3
59,2
59,1
59,0
0,52
58,12
58,11
58,10
58,9
58,8
58,7
58,6
58,5
58,4
58,3
58,2
58,1
58,0
57,8
57,7
57,6
57,5
57,4
57,3
57,2
57,1
57,0
56,7
56,6
56,5
56,4
56,3
56,2
56,1
56,0
55,7
55,6
55,5
55,4
55,3
55,2
55,1
55,0
5,12
54,4
54,3
54,2
54,1
54,0
5,11
53,8
53,7
53,6
53,5
53,4
53,3
53,2
53,1
53,0
52,3
52,2
52,1
52,0
5,10
51,8
51,7
51,6
51,5
51,4
51,3
51,2
51,1
51,0
50,6
50,5
50,4
50,3
50,2
50,1
50,0
0,51
0,50
49,10
49,9
49,8
49,7
49,6
49,5
49,4
49,3
49,2
49,1
49,0
48,5
48,4
48,3
48,2
48,1
48,0
47,4
47,3
47,2
47,1
47,0
46,4
46,3
46,2
46,1
46,0
45,8
45,7
45,6
45,5
45,4
45,3
45,2
45,1
45,0
44,5
44,4
44,3
44,2
44,1
44,0
43,5
43,4
43,3
43,2
43,1
43,0
42,5
42,4
42,3
42,2
42,1
42,0
41,4
41,3
41,2
41,1
41,0
5,9
40,3
40,2
40,1
40,0
39,5
39,4
39,3
39,2
39,1
39,0
5,8
38,4
38,3
38,2
38,1
38,0
37,6
37,5
37,4
37,3
37,2
37,1
37,0
36,3
36,2
36,1
36,0
35,5
35,4
35,3
35,2
35,1
35,0
5,7
5,6
34,7
34,6
34,5
34,4
34,3
34,2
34,1
34,0
33,6
33,5
33,4
33,3
33,2
33,1
33,0
32,4
32,3
32,2
32,1
32,0
31,4
31,3
31,2
31,1
31,0
30,6
30,5
30,4
30,3
30,2
30,1
30,0
29,4
29,3
29,2
29,1
29,0
28,5
28,4
28,3
28,2
28,1
28,0
27,4
27,3
27,2
27,1
27,0
26,4
26,3
26,2
26,1
26,0
5,5
5,4
5,2
5,0
25,5
25,4
25,3
25,2
25,1
25,0
24,5
24,4
24,3
24,2
24,1
24,0
23,5
23,4
23,3
23,2
23,1
23,0
22,4
22,3
22,2
22,1
22,0
21,3
21,2
21,1
21,0
20,3
20,2
20,1
20,0
19,3
19,2
19,1
19,0
18,7
18,6
18,5
18,4
18,3
18,2
18,1
18,0
17,4
17,3
17,2
17,1
17,0
16,4
16,3
16,2
16,1
16,0
15,3
15,2
15,1
15,0
14,4
14,3
14,2
14,1
14,0
13,4
13,3
13,2
13,1
13,0
12,3
12,2
12,1
12,0
11,3
11,2
11,1
11,0
10,5
10,4
10,3
10,2
10,1
10,0
9,3
9,2
9,1
9,0
8,5
8,4
8,3
8,2
8,1
8,0
7,3
5,3
4,3
3,2
2,2
1,2
0,9
0,2
1,45
3,44
2,44
1,44
3,43
2,43
1,43
3,42
2,42
1,42
3,41
2,41
1,41
3,40
2,40
1,40
3,39
2,39
1,39
3,38
2,38
1,38
3,37
2,37
1,37
3,36
2,36
1,36
3,35
2,35
1,35
3,34
2,34
1,34
3,33
2,33
1,33
3,32
2,32
1,32
3,31
2,31
1,31
3,30
2,30
1,30
3,29
2,29
1,29
3,28
2,28
1,28
3,27
2,27
1,27
3,26
2,26
1,26
3,25
2,25
1,25
3,24
2,24
1,24
3,23
2,23
1,23
3,22
2,22
1,22
3,21
2,21
1,21
3,20
2,20
1,20
3,19
2,19
1,19
3,18
2,18
1,18
3,17
2,17
1,17
3,16
2,16
1,16
3,15
2,15
1,15
3,14
2,14
1,14
3,13
2,13
1,13
3,12
2,12
1,12
3,11
2,11
1,11
3,10
2,10
1,10
3,9
2,9
1,9
3,8
2,8
1,8
3,7
2,7
1,7
3,6
2,6
1,6
3,5
2,5
1,5
3,4
2,4
1,4
3,3
3,0
2,3
2,0
1,3
1,0
0,6
0,0
0,47
0,46
0,49
0,48
0,45
0,12
0,10
0,8
0,11
0,5
0,7
0,4
0,3
